.Random.seed <-
c(403L, 10L, -1391878947L, -599087145L, 1758704318L, -924252936L, 
127015643L, 1607622969L, -1957862264L, -1242135498L, 787292273L, 
912831139L, 229050354L, 806972228L, -156310521L, 1082016221L, 
-401137964L, -518766086L, -61903547L, 855447967L, -1445377242L, 
-1095060560L, 669778003L, 1884437361L, 15805088L, -1083015618L, 
1380267337L, 360590331L, 1267486666L, -2101616340L, 746061103L, 
795763685L, 1577933468L, 1268899570L, -1477382291L, -246544217L, 
-757232946L, 334829608L, 789185579L, 1222583881L, 1383845720L, 
742320646L, -150367263L, -310038157L, 1533264354L, -969706156L, 
-146879401L, -493014963L, -1576487964L, 1231745482L, -2062501835L, 
-265234801L, 1861207958L, -1047106752L, 1219659267L, -647775199L, 
410414864L, 1487422702L, -1709618023L, -1857713877L, -96329702L, 
1180015324L, -924906785L, -2092428107L, -903183796L, -740528478L, 
61863421L, -245866761L, -374892514L, 621517528L, 716443195L, 
-738485287L, -668661400L, -125214570L, -1280459247L, -1781991485L, 
-1718604846L, 1912338020L, 1211475367L, 1786510077L, 518299380L, 
1738693082L, 1675869477L, -1819939777L, -1770669114L, -1597720496L, 
-1693617037L, 897046673L, -317527872L, -379157858L, -718479767L, 
352505499L, -340139094L, 544851916L, -1874617713L, -1720683835L, 
812292732L, -1371441454L, -2061057459L, -2118955257L, 1110053614L, 
538945480L, -1487656757L, -850282199L, -1968184968L, -1682741594L, 
1655156929L, 87038291L, 1853900290L, 71302964L, -246534985L, 
-2130477907L, -1442649660L, 2082572778L, -2101610923L, -2135234577L, 
664123382L, -1690636000L, 420609763L, 903620481L, -1453202960L, 
-1384652658L, 1682524153L, 1241275787L, 325716410L, -206812996L, 
-1274467329L, -2077025963L, 1348690540L, 1711064770L, 1014567197L, 
-119036009L, -2073091330L, -1767688008L, 1137615515L, -1443974919L, 
-710798776L, -2785930L, 1669459121L, -62521117L, 801382322L, 
-1624842236L, -1182379193L, 569149981L, 946806932L, 515887162L, 
-645279099L, 1748423519L, 1039739878L, 1340384880L, 1098353043L, 
1490611761L, -733657888L, 70219134L, 2058643465L, -114767813L, 
-751561206L, -1104787988L, -402109841L, 358434213L, 1283257692L, 
2100930866L, 1946810413L, -1827006745L, 1684552718L, 836249064L, 
-1986670613L, -1992200055L, 915268632L, -2035846330L, -1433341535L, 
-1657675725L, -311202398L, -1358718828L, 13995799L, 1009428749L, 
825278500L, 1450754058L, 2005001589L, 280585423L, 1003947990L, 
635127680L, 1020238787L, 1070304609L, -271182896L, -2139167954L, 
-1942061351L, 1131613419L, -630370982L, -340156644L, -1697277409L, 
-1122243979L, -2117081332L, 1544288994L, 963231677L, -1370060745L, 
-560233762L, -2130010600L, 275341691L, -1552877287L, -1645640280L, 
-1735038634L, 616970705L, -2069825149L, 1281779730L, 2003381156L, 
-218907801L, 1057005757L, -468633548L, 196950938L, 299792357L, 
-792321153L, -929733882L, -110162800L, 1689632051L, -610395439L, 
1751613568L, -2090854050L, 1106382505L, 1914640731L, -243518614L, 
555039244L, 2105649743L, 425117445L, 782831548L, 145762962L, 
1514779021L, -654534201L, -971281746L, 1506775444L, -141667886L, 
-1293467296L, -1589428404L, -1600693984L, 1182494594L, 1654562536L, 
-120549140L, -58567620L, 1573841778L, -734445968L, 385504292L, 
1110952760L, 48606362L, 506409680L, -2883396L, 30215828L, 1342973570L, 
1246820544L, -1760971972L, -988922736L, 1079909922L, -452231160L, 
-857948916L, -1925161828L, 1935212050L, -916725888L, -1001271788L, 
-1470436824L, 132875578L, -1579689520L, 1025807468L, 115120436L, 
-348109166L, 1853320032L, 1635410764L, -141600800L, 1592018850L, 
-1207818328L, 1733520780L, 1344317628L, -302913166L, -421432080L, 
-861085628L, 526012760L, -1655048646L, 1847458672L, 1871566908L, 
1378623252L, -1394772542L, -1459299616L, -128235652L, -1317187888L, 
-1048315742L, -756392920L, 607102220L, 1111205820L, -1596692174L, 
419441088L, 1947560500L, 1794313160L, -394651462L, 2124241296L, 
-697880084L, -526974380L, -493297518L, 700956448L, 626133452L, 
-721783328L, -989866302L, 844801064L, -670420308L, 1814742204L, 
-854091278L, 824975664L, 1150301348L, -741103944L, 1182584154L, 
-1867635312L, 563426172L, -1885611756L, -929238206L, 373922560L, 
-1975085124L, 1419681616L, 795288354L, 202308936L, -1289496052L, 
733821020L, 52284626L, 1049287168L, 996429140L, 1208130024L, 
-1599226886L, -898404144L, -1095647956L, 1258500852L, -631567982L, 
-1341541280L, 938157324L, 1650995936L, -1600231070L, 519031464L, 
-1247800756L, -1396604548L, 608306482L, -2017832848L, 1435252548L, 
2127801816L, -1683211142L, 1987218992L, 670862012L, 399396692L, 
-1547348926L, -476926560L, -528155972L, -914654768L, 1303801186L, 
1839673320L, -1260075060L, -1504231684L, 715547122L, -357619584L, 
-1253591820L, 772880008L, -1092221126L, -2066754736L, 665671276L, 
-1255796588L, -1015594670L, 685924064L, -487623988L, -778727264L, 
-1148757118L, 132870888L, -1810066708L, -1141838788L, -251731342L, 
-2133629840L, -523942364L, 2119517240L, 618948634L, -1124480304L, 
1136403516L, 588633236L, 1780190338L, -924751936L, 1820858684L, 
-77122928L, 1180752930L, 726918152L, 1496463500L, -1193120740L, 
-1746450798L, 1595962496L, -1891762156L, 1626694952L, 1866026554L, 
-148429616L, 657458284L, -1444228428L, -757299182L, -1670105120L, 
2006241228L, 218246624L, -337646046L, -902043352L, -1577733876L, 
16062012L, -837934862L, 333708016L, -1184578748L, -1780274600L, 
910864954L, -1548294416L, 44104892L, -2038788588L, 429342914L, 
-1224003488L, 1755385212L, -1367343920L, 1645034530L, 377617064L, 
-571396212L, 1394334140L, 1467610162L, 388020032L, -1598555980L, 
2125046600L, -1748141382L, 456929040L, 844028140L, -1840909228L, 
-1379670254L, 1675678624L, -169279540L, -1284125856L, -2125918014L, 
133846568L, -590576212L, -2016673988L, -147697806L, -1546034384L, 
1455669796L, 650342456L, 1325419738L, 1413218704L, 1866000124L, 
-1610563692L, -2142756030L, 644585984L, -490888644L, -721578416L, 
-134229342L, -1199477944L, -1426671092L, -1882764068L, 109535826L, 
1058437248L, 489642836L, -142577176L, 1026452218L, -1260783792L, 
597673004L, -260123276L, -2064265582L, 455907936L, 1161240592L, 
724253625L, -908030869L, 1341673308L, -1675872630L, -1601318273L, 
1352883145L, 1111664734L, -661120244L, -1971289379L, -1257346073L, 
-1311911920L, 1091509550L, -694840869L, 678938301L, 416216106L, 
665642184L, -1766866447L, 755339107L, 2496356L, -1596723566L, 
-249828505L, -1659923151L, 1883631222L, -1354207340L, -1268773979L, 
-322061137L, 50114920L, -89327290L, -543485709L, -1913024939L, 
-146869710L, 1470578688L, 287335657L, 312681307L, -1114569300L, 
-400810566L, -905974929L, -1580282631L, -2113449586L, 1174479964L, 
1293711053L, -1985076681L, 353618112L, 558331806L, 1531403371L, 
1887894509L, -683598246L, 692052248L, 622907009L, -127310797L, 
657879636L, -1133767070L, 698112247L, -1724671167L, -288812602L, 
1306032900L, 297389749L, 192649631L, -394406408L, 389061590L, 
91965027L, 1703753253L, 2128946626L, -1144989008L, 1339036377L, 
883745867L, -497214788L, -941160214L, 1459078431L, 1217826217L, 
1545292606L, 1241933356L, 747656317L, 548982471L, -906872912L, 
-343053874L, -1667276037L, -1546780323L, -1841995126L, -1840303960L, 
1284371473L, 88016131L, 1766557700L, 994289714L, -1321680761L, 
1873505489L, 1874343510L, 1686398516L, -1556701883L, 1274957711L, 
-1376781560L, 298253606L, 2039752147L, -1614221515L, 704358034L, 
1920696928L, 342053833L, -2003782917L, -258425652L, 817771866L, 
34895951L, 1965602073L, 54959918L, -1805250244L, -1920239955L, 
-487689897L, -2018508640L, 1442479614L, 43454667L, 1388768973L, 
-793789958L, 526311992L, 1490599905L, -542197613L, 1743772340L, 
-1114236990L, -898313257L, 357850145L, 108108774L, -115112220L, 
-1505332715L, -1805501889L, 715502040L, 1161144310L, 1590120451L, 
-1946928315L, -613216414L, -705924912L, 860453881L, 952833835L, 
679322780L, -503481654L, 1624961983L, 1319214857L, 568444958L, 
-1676756532L, 789468061L, -1391751641L, 1564271696L, 1543466222L, 
